Game Begins!
There are initially 4 piles

21   17   5   2   

21   17   5   2   

2   5   17   20   1   

2   2   5   16   19   1   

2   2   2   5   15   18   1   

2   2   2   2   5   14   17   1   

2   2   2   2   2   5   13   16   1   

2   2   2   2   1   3   5   13   15   

2   2   2   1   3   4   5   12   14   

2   2   1   3   4   4   5   11   13   

2   1   3   4   4   4   5   10   12   

1   2   4   4   3   5   6   9   11   

1   2   4   3   5   5   6   9   10   

1   2   3   5   4   6   6   9   9   

1   2   3   4   6   5   7   8   9   

Game is over. It took 13 tries.

